             3            12            11           136           137           138
            21            12             3           139           136           140
             8             4            20           141           142           143
            24            21            33           144           145           146
            12            21            24           139           144           147
            30            36            26           148           149           150
            25            18            13           151           152           153
            13            20            25           154           155           153
             8            20            13           143           154           156
           108            96           102           157           158           159
           108           117           109           160           161           162
           109           104            98           163           164           165
            98           108           109           166           162           165
            96           108            98           157           166           167
           109           117           122           161           168           169
           114           108           102           170           159           171
           117           108           114           160           170           172
           134           122           127           173           174           175
           127           122           117           174           168           176
            25            20            32           155           177           178
            32            39            25           179           180           178
            44            39            32           181           179           182
            14            20             4           183           142           184
            45            56            49           185           186           187
            23             2            18           188           189           190
            18             2            10           189           191           192
            10            13            18           193           152           192
             8            13            10           156           193           194
            17            11            12           195           137           196
            17             6            11           197           198           195
            12            24            17           147           199           196
            17            24            29           199           200           201
           107           114           102           202           171           203
           103           112            99           204           205           206
            99            91           103           207           208           206
            87            91            99           209           207           210
           112           107            99           211           212           205
            92            98           104           213           164           214
           126           123           128           215           216           217
           116           104           109           218           163           219
           109           122           116           169           220           219
           116           128           123           221           216           222
           116           122           134           220           173           223
           134           128           116           224           221           223
           118           123           126           225           215           226
           126           132           118           227           228           226
           111           118           105           229           230           231
           123           118           111           225           229           232
           104           116           111           218           233           234
           111           116           123           233           222           232
           131           127           117           235           176           236
           131           114           130           237           238           239
           117           114           131           172           237           236
           129           120           132           240           241           242
            73            82            88           243           244           245
            82            93            88           246           247           244
            51            39            44           248           181           249
            30            23            35           250           251           252
            65            78            71           253           254           255
            66            82            73           256           243           257
            66            75            82           258           259           256
             9            14             4           260           184           261
             2            23            16           188           262           263
            16            23            30           262           250           264
            30            26            16           150           265           264
            26            15            16           266           267           265
            80            91            87           268           209           269
            59            49            56           270           186           271
            95           107           102           272           203           273
            87            99            95           210           274           275
            95            99           107           274           212           272
           125           124           133           276           277           278
           115           112           103           279           204           280
           115           124           112           281           282           279
           133           124           115           277           281           283
           114           107           119           202           284           285
           130           114           119           238           285           286
           119           107           112           284           211           287
           112           124           119           282           288           287
           119           125           130           289           290           286
           124           125           119           276           289           288
            79            75            68           291           292           293
            68            70            79           294           295           293
            79            70            76           295           296           297
            76            70            60           296           298           299
            60            72            76           300           301           299
            44            32            38           182           302           303
            38            50            44           304           305           303
            60            50            52           306           307           308
            62            72            52           309           310           311
            52            72            60           310           300           308
           132           120           113           241           312           313
           113           118           132           314           228           313
           105           118           113           230           314           315
           105            93            97           316           317           318
            97           111           105           319           231           318
            97            92           104           320           214           321
           104           111            97           234           319           321
           121           110           120           322           323           324
           121           129           135           325           326           327
           120           129           121           240           325           324
           101            93           105           328           316           329
           101            88            93           330           247           328
           105           113           101           315           331           329
            88           101            94           330           332           333
            73            88            81           245           334           335
            81            65            73           336           337           335
            78            65            81           253           336           338
            88            94            81           333           339           334
            43            51            54           340           341           342
            39            51            43           248           340           343
            58            46            55           344           345           346
            58            65            71           347           255           348
            55            65            58           349           347           346
            63            65            55           350           349           351
            54            66            63           352           353           354
            73            65            63           337           350           355
            63            66            73           353           257           355
            49            41            37           356           357           358
            37            24            33           359           146           360
            29            24            37           200           359           361
            37            41            29           357           362           361
            33            45            37           363           364           360
            45            49            37           187           358           364
             2            16             7           263           365           366
             7            15             5           367           368           369
             7            16            15           365           267           367
            77            80            87           370           269           371
            53            41            49           372           356           373
            49            59            53           270           374           373
            53            67            62           375           376           377
            53            59            67           374           378           375
           102            96            89           158           379           380
            89            95           102           381           273           380
            75            66            61           258           382           383
            61            68            75           384           292           383
            61            66            54           382           352           385
            54            51            61           341           386           385
            70            68            57           294           387           388
            60            70            57           298           388           389
            57            50            60           390           306           389
            44            50            57           305           390           391
            57            51            44           392           249           391
            57            61            51           393           386           392
            68            61            57           384           393           387
            98            92            86           213           394           395
            96            98            86           167           395           396
            86            92            79           394           397           398
            79            76            86           297           399           398
            27            38            32           400           302           401
            27            32            20           401           177           402
            20            14            27           183           403           402
            50            38            40           304           404           405
            40            52            50           406           307           405
            85            93            82           407           246           408
            85            97            93           409           317           407
            82            75            85           259           410           408
            92            97            85           320           409           411
            85            75            79           410           291           412
            79            92            85           397           411           412
           106           113           120           413           312           414
           106           101           113           415           331           413
           120           110           106           323           416           414
           106            94           101           417           332           415
           106           110           100           416           418           419
           100            94           106           420           417           419
            90            94           100           421           420           422
            78            81            90           338           423           424
            90            81            94           423           339           421
            48            43            54           425           342           426
            54            63            48           354           427           426
            48            63            55           427           351           428
            35            43            48           429           425           430
            31            43            35           431           429           432
            31            18            25           433           151           434
            25            39            31           180           435           434
            39            43            31           343           431           435
            31            23            18           436           190           433
            31            35            23           432           251           436
            69            80            64           437           438           439
            80            77            64           370           440           438
            64            56            69           441           442           439
            64            59            56           443           271           441
            67            59            64           378           443           444
            64            77            67           440           445           444
            84            76            72           446           301           447
            84            89            96           448           379           449
            96            86            84           396           450           449
            84            86            76           450           399           446
            89            84            74           448           451           452
            74            84            72           451           447           453
            62            67            74           376           454           455
            74            72            62           453           309           455
            95            89            83           381           456           457
            87            95            83           275           457           458
            83            77            87           459           371           458
            89            74            83           452           460           456
            67            77            83           445           459           461
            83            74            67           460           454           461
            52            40            47           406           462           463
            41            53            47           372           464           465
            62            52            47           311           463           466
            47            53            62           464           377           466
            22            17            29           467           201           468
             1             6            22           469           470           471
             6            17            22           197           467           470
            38            27            28           400           472           473
            28            40            38           474           404           473
            30            35            42           252           475           476
            35            48            42           430           477           475
            42            36            30           478           148           476
            42            46            36           479           480           478
            55            46            42           345           479           481
            42            48            55           477           428           481
            19            27            14           482           403           483
            19            28            27           484           472           482
            22            28            19           485           484           486
            14             9            19           260           487           483
            19             9             1           487           488           489
             1            22            19           471           486           489
            34            47            40           490           462           491
            40            28            34           474           492           491
            29            41            34           362           493           494
            41            47            34           465           490           493
            34            22            29           495           468           494
            34            28            22           492           485           495
