       -0.000000        0.300431
       -0.000000        0.806418
        0.000000        0.000000
        0.000000        0.500000
        0.000000        1.000000
        0.000000        0.210183
        0.000000        0.902377
        0.000000        0.596065
        0.000000        0.396931
        0.000000        0.704557
        0.000000        0.110502
        0.071960        0.078519
        0.075726        0.643725
        0.078185        0.453303
        0.078772        1.000000
        0.088634        0.906790
        0.088969        0.177404
        0.089973        0.739128
        0.091879        0.357608
        0.099675        0.548266
        0.106027        0.000000
        0.112363        0.268808
        0.118814        0.822010
        0.159783        0.095337
        0.160143        0.642218
        0.160601        1.000000
        0.161719        0.453731
        0.187051        0.359208
        0.188051        0.189557
        0.188424        0.905602
        0.189069        0.733882
        0.200389        0.548036
        0.203899        0.000000
        0.227463        0.275050
        0.231351        0.818948
        0.246260        1.000000
        0.248250        0.094644
        0.252044        0.454035
        0.252800        0.640419
        0.289309        0.363207
        0.289362        0.186807
        0.290258        0.906587
        0.291805        0.731024
        0.300875        0.547043
        0.302157        0.000000
        0.333932        1.000000
        0.335192        0.274128
        0.338666        0.820743
        0.339125        0.093434
        0.348108        0.454444
        0.349551        0.638667
        0.391390        0.356154
        0.392272        0.190585
        0.393122        0.736034
        0.394416        0.907202
        0.401814        0.000000
        0.402504        0.545859
        0.419837        1.000000
        0.424800        0.101161
        0.440941        0.439346
        0.443416        0.651450
        0.446667        0.272484
        0.446830        0.821758
        0.500000        0.079707
        0.500000        0.909560
        0.500000        0.735040
        0.500000        0.183842
        0.500000        0.583305
        0.500000        0.000000
        0.500000        0.500000
        0.500000        1.000000
        0.500000        0.358865
        0.553170        0.821758
        0.553333        0.272484
        0.556584        0.651450
        0.559059        0.439346
        0.575200        0.101161
        0.580163        1.000000
        0.597496        0.545859
        0.598186        0.000000
        0.605584        0.907202
        0.606878        0.736034
        0.607728        0.190585
        0.608610        0.356154
        0.650449        0.638667
        0.651892        0.454444
        0.660875        0.093434
        0.661334        0.820743
        0.664808        0.274128
        0.666068        1.000000
        0.697843        0.000000
        0.699125        0.547043
        0.708195        0.731024
        0.709742        0.906587
        0.710638        0.186807
        0.710691        0.363207
        0.747200        0.640419
        0.747956        0.454035
        0.751750        0.094644
        0.753740        1.000000
        0.768649        0.818948
        0.772537        0.275050
        0.796101        0.000000
        0.799611        0.548036
        0.810931        0.733882
        0.811576        0.905602
        0.811949        0.189557
        0.812949        0.359208
        0.838281        0.453731
        0.839399        1.000000
        0.839857        0.642218
        0.840217        0.095337
        0.881186        0.822010
        0.887637        0.268808
        0.893973        0.000000
        0.900325        0.548266
        0.908121        0.357608
        0.910027        0.739128
        0.911031        0.177404
        0.911366        0.906790
        0.921228        1.000000
        0.921815        0.453303
        0.924274        0.643725
        0.928040        0.078519
        1.000000        0.110502
        1.000000        0.704557
        1.000000        0.396931
        1.000000        0.596065
        1.000000        0.902377
        1.000000        0.210183
        1.000000        0.300431
        1.000000        0.806418
        1.000000        0.000000
        1.000000        0.500000
        1.000000        1.000000
        0.035980        0.039260
        0.035980        0.094511
        0.000000        0.055251
        0.088994        0.039260
        0.053013        0.000000
        0.000000        0.548032
        0.049838        0.524133
        0.049838        0.572166
        0.132905        0.047669
        0.154963        0.000000
        0.181841        0.047669
        0.115872        0.086928
        0.217342        0.952801
        0.203430        1.000000
        0.174513        0.952801
        0.125058        0.690673
        0.082849        0.691427
        0.117934        0.642972
        0.087700        0.595996
        0.129909        0.595242
        0.037863        0.619895
        0.761820        0.361208
        0.741614        0.319129
        0.792743        0.317129
        0.860535        0.358408
        0.873201        0.405670
        0.825615        0.406470
        0.818946        0.500883
        0.773784        0.501035
        0.793119        0.453883
        0.780453        0.406622
        0.729324        0.408621
        0.914968        0.405456
        0.880048        0.453517
        0.850293        0.314008
        0.830087        0.271929
        0.897879        0.313208
        0.960907        0.476652
        0.960907        0.425117
        1.000000        0.448465
        0.954060        0.377270
        0.150032        0.548151
        0.180266        0.595127
        0.226594        0.594227
        0.206471        0.641318
        0.276837        0.593731
        0.250632        0.547540
        0.088930        0.500785
        0.039093        0.476652
        0.351985        0.000000
        0.370469        0.046717
        0.320641        0.046717
        0.059407        0.814214
        0.044986        0.772773
        0.104393        0.780569
        0.000000        0.755488
        0.044986        0.721843
        0.037863        0.674141
        0.000000        0.650311
        0.044484        0.143953
        0.080465        0.127962
        0.044484        0.193793
        0.000000        0.160342
        0.124376        0.136370
        0.173917        0.142447
        0.138510        0.183480
        0.849793        0.229182
        0.792243        0.232303
        0.818159        0.047669
        0.795984        0.094991
        0.773926        0.047322
        0.724797        0.047322
        0.746972        0.000000
        0.679359        0.046717
        0.706313        0.094039
        0.826083        0.142447
        0.781849        0.142101
        0.723541        0.500539
        0.749368        0.547540
        0.962137        0.674141
        0.962137        0.619895
        1.000000        0.650311
        0.849968        0.548151
        0.869303        0.500999
        0.911070        0.500785
        0.950162        0.572166
        0.912300        0.595996
        0.950162        0.524133
        1.000000        0.548032
        0.917151        0.691427
        0.955014        0.721843
        1.000000        0.755488
        0.955014        0.772773
        0.874942        0.690673
        0.860479        0.736505
        0.825394        0.688050
        0.882066        0.642972
        0.870091        0.595242
        0.819734        0.595127
        1.000000        0.348681
        0.954060        0.329020
        0.943818        0.284619
        0.943818        0.239495
        1.000000        0.255307
        0.955683        0.904584
        0.955683        0.856604
        1.000000        0.854398
        0.580024        0.778896
        0.634106        0.778388
        0.607252        0.821250
        0.657536        0.733529
        0.684765        0.775883
        0.301176        0.639543
        0.325213        0.592855
        0.153619        0.863806
        0.175082        0.820479
        0.209888        0.862275
        0.540082        0.954780
        0.540082        1.000000
        0.500000        0.954780
        0.553439        0.735537
        0.526585        0.778399
        0.528292        0.693245
        0.581731        0.693742
        0.039093        0.425117
        0.000000        0.448465
        0.103724        0.864400
        0.044317        0.856604
        0.138529        0.906196
        0.124618        0.953395
        0.119687        1.000000
        0.083703        0.953395
        0.648015        0.000000
        0.629531        0.046717
        0.381962        0.097298
        0.413307        0.050580
        0.761293        0.188182
        0.741588        0.230929
        0.731194        0.140726
        0.685757        0.140121
        0.964020        0.094511
        0.964020        0.039260
        1.000000        0.055251
        0.867095        0.047669
        0.845037        0.000000
        0.911006        0.039260
        0.884128        0.086928
        0.946987        0.000000
        0.861490        0.183480
        0.899334        0.223106
        0.955516        0.193793
        0.875624        0.136370
        0.919535        0.127962
        0.955516        0.143953
        1.000000        0.160342
        0.577040        0.598655
        0.528292        0.617378
        0.548748        0.564582
        0.500000        0.541653
        0.548748        0.522930
        0.529529        0.469673
        0.578277        0.492602
        0.470471        0.469673
        0.500000        0.439346
        0.470471        0.399106
        0.529529        0.399106
        0.226216        0.501035
        0.276459        0.500539
        0.300076        0.454240
        0.324491        0.500744
        0.394525        0.446895
        0.369749        0.405299
        0.416166        0.397750
        0.473334        0.315675
        0.445695        0.357510
        0.419029        0.314319
        0.896276        0.864400
        0.940593        0.814214
        0.895607        0.780569
        0.846059        0.777946
        0.759563        0.732453
        0.727697        0.685721
        0.779066        0.687150
        0.793529        0.641318
        0.723163        0.593731
        0.773406        0.594227
        0.880313        1.000000
        0.875382        0.953395
        0.916297        0.953395
        0.960614        0.951189
        1.000000        0.951189
        0.960614        1.000000
        0.738422        0.774986
        0.789790        0.776415
        0.714992        0.819845
        0.824918        0.820479
        0.739196        0.862767
        0.685538        0.863665
        0.633459        0.863972
        0.579377        0.864480
        0.552792        0.908381
        0.526585        0.865659
        0.592874        0.953601
        0.657663        0.906894
        0.320678        0.684846
        0.371337        0.687351
        0.342464        0.733529
        0.272303        0.685721
        0.376884        1.000000
        0.364174        0.953601
        0.407126        0.953601
        0.459918        0.954780
        0.459918        1.000000
        0.447208        0.908381
        0.473415        0.865659
        0.420623        0.864480
        0.446561        0.735537
        0.473415        0.778399
        0.419976        0.778896
        0.500000        0.821758
        0.314243        0.140121
        0.268806        0.140726
        0.293687        0.094039
        0.204016        0.094991
        0.226074        0.047322
        0.218151        0.142101
        0.238707        0.188182
        0.253028        0.000000
        0.275203        0.047322
        0.044317        0.904584
        0.000000        0.854398
        0.039386        0.951189
        0.039386        1.000000
        0.000000        0.951189
        0.586693        0.050580
        0.618038        0.097298
        0.340817        0.188696
        0.365698        0.142010
        0.408536        0.145873
        0.446136        0.187214
        0.473334        0.228163
        0.419470        0.231534
        0.462400        0.142501
        0.687750        0.318668
        0.718673        0.274589
        0.687723        0.230468
        0.471708        0.693245
        0.500000        0.651450
        0.471708        0.617378
        0.418269        0.693742
        0.396483        0.645059
        0.451252        0.564582
        0.451252        0.522930
        0.421723        0.492602
        0.375306        0.500152
        0.351689        0.546451
        0.376027        0.592263
        0.422960        0.598655
        0.675509        0.500744
        0.699924        0.454240
        0.681291        0.408826
        0.648311        0.546451
        0.624694        0.500152
        0.605475        0.446895
        0.206881        0.453883
        0.181054        0.500883
        0.130697        0.500999
        0.119952        0.453517
        0.270676        0.408621
        0.318709        0.408826
        0.340349        0.359681
        0.679322        0.684846
        0.628663        0.687351
        0.698824        0.639543
        0.603517        0.645059
        0.674787        0.592855
        0.623973        0.592263
        0.846381        0.863806
        0.861471        0.906196
        0.790112        0.862275
        0.825487        0.952801
        0.760659        0.906094
        0.796570        1.000000
        0.782658        0.952801
        0.731741        0.953293
        0.687905        0.953293
        0.709904        1.000000
        0.635826        0.953601
        0.623116        1.000000
        0.315235        0.775883
        0.365894        0.778388
        0.392748        0.821250
        0.366541        0.863972
        0.261578        0.774986
        0.285008        0.819845
        0.240437        0.732453
        0.210210        0.776415
        0.139521        0.736505
        0.174606        0.688050
        0.220934        0.687150
        0.153941        0.777946
        0.549093        0.000000
        0.549093        0.039853
        0.500000        0.039853
        0.537600        0.090434
        0.450907        0.039853
        0.450907        0.000000
        0.462400        0.090434
        0.500000        0.131775
        0.537600        0.142501
        0.583834        0.397750
        0.554305        0.357510
        0.636709        0.315141
        0.659651        0.359681
        0.630251        0.405299
        0.580971        0.314319
        0.609071        0.273306
        0.526666        0.315675
        0.526666        0.228163
        0.500000        0.272484
        0.636268        0.232357
        0.659183        0.188696
        0.634302        0.142010
        0.591464        0.145873
        0.580530        0.231534
        0.553864        0.187214
        0.312250        0.318668
        0.363291        0.315141
        0.363732        0.232357
        0.312277        0.230468
        0.390929        0.273306
        0.100666        0.223106
        0.150207        0.229182
        0.000000        0.255307
        0.056182        0.239495
        0.056182        0.284619
        0.174385        0.406470
        0.219547        0.406622
        0.238180        0.361208
        0.260804        0.862767
        0.239341        0.906094
        0.314462        0.863665
        0.268259        0.953293
        0.312095        0.953293
        0.290096        1.000000
        0.342337        0.906894
        0.126799        0.405670
        0.085032        0.405456
        0.139465        0.358408
        0.149707        0.314008
        0.102121        0.313208
        0.045940        0.377270
        0.000000        0.348681
        0.045940        0.329020
        0.281327        0.274589
        0.258386        0.319129
        0.207257        0.317129
        0.258412        0.230929
        0.207757        0.232303
        0.169913        0.271929
