   -2.1134396316346837e-13    3.0043073178828689e-01
   -1.3114726318819159e-13    8.0641811821752030e-01
    0.0000000000000000e+00    0.0000000000000000e+00
    0.0000000000000000e+00    5.0000000000000000e-01
    0.0000000000000000e+00    1.0000000000000000e+00
    1.2228846407724703e-12    2.1018280087950050e-01
    1.5828666502515354e-12    9.0237729071009964e-01
    1.8261243212025491e-12    5.9606477792761814e-01
    1.9746738966208710e-12    3.9693094862643080e-01
    2.0780842324708004e-12    7.0455711548655287e-01
    2.2992146381239920e-12    1.1050208677679792e-01
    7.1960407152630218e-02    7.8519360430990837e-02
    7.5725600836622831e-02    6.4372514007626336e-01
    7.8185011720145373e-02    4.5330323280040807e-01
    7.8771859734311528e-02    9.9999999965567266e-01
    8.8633646083039794e-02    9.0679038936985401e-01
    8.8968887774500030e-02    1.7740380354239116e-01
    8.9972894696394967e-02    7.3912814155824635e-01
    9.1879136105093726e-02    3.5760835985798223e-01
    9.9675364166231906e-02    5.4826644100515698e-01
    1.0602694441941501e-01    2.1280616158136922e-12
    1.1236332800279927e-01    2.6880816133366492e-01
    1.1881361148708405e-01    8.2200994443144582e-01
    1.5978318786455947e-01    9.5337099956297855e-02
    1.6014282461330509e-01    6.4221797631414601e-01
    1.6060146959439892e-01    9.9999999967408604e-01
    1.6171871385377712e-01    4.5373127125129814e-01
    1.8705050288949432e-01    3.5920806394844695e-01
    1.8805144792698963e-01    1.8955678200486534e-01
    1.8842440534756913e-01    9.0560151608533657e-01
    1.8906855105966919e-01    7.3388191286607107e-01
    2.0038859361882175e-01    5.4803557690717053e-01
    2.0389912057405601e-01    1.5186480545326120e-12
    2.2746274028296265e-01    2.7505019069543357e-01
    2.3135087022525627e-01    8.1894816636196455e-01
    2.4625951427745144e-01    9.9999999966678621e-01
    2.4824959032014188e-01    9.4644479332851084e-02
    2.5204383841788092e-01    4.5403514589439797e-01
    2.5280007303678909e-01    6.4041851040113185e-01
    2.8930889975349333e-01    3.6320747219707761e-01
    2.8936184035755380e-01    1.8680748485173396e-01
    2.9025798962208110e-01    9.0658670443566758e-01
    2.9180498902298213e-01    7.3102396748972287e-01
    3.0087476558912796e-01    5.4704343474607187e-01
    3.0215697182776197e-01    1.5258723104483174e-12
    3.3393218891712118e-01    9.9999999966778796e-01
    3.3519170139389221e-01    2.7412804192824403e-01
    3.3866589397540914e-01    8.2074256391218692e-01
    3.3912474263407272e-01    9.3434350256373366e-02
    3.4810813434396964e-01    4.5444414845988929e-01
    3.4955115973414796e-01    6.3866744299083489e-01
    3.9138986615602311e-01    3.5615356111016855e-01
    3.9227218007598874e-01    1.9058530031117460e-01
    3.9312217105050346e-01    7.3603369838256205e-01
    3.9441559218414918e-01    9.0720220969408016e-01
    4.0181371950294370e-01    1.2610667718404578e-12
    4.0250379799279834e-01    5.4585929261209232e-01
    4.1983661141643019e-01    9.9999999967746966e-01
    4.2479952534037746e-01    1.0116087730376536e-01
    4.4094149031221236e-01    4.3934557164181254e-01
    4.4341568426284939e-01    6.5145019891626843e-01
    4.4666717707669135e-01    2.7248357778231169e-01
    4.4683018012459275e-01    8.2175773489439063e-01
    4.9999998255535733e-01    7.9706981067968335e-02
    4.9999999990638577e-01    9.0956026524473343e-01
    4.9999999991566857e-01    7.3504009616842092e-01
    4.9999999991767102e-01    1.8384206649787718e-01
    4.9999999998086958e-01    5.8330501433332538e-01
    5.0000000000000000e-01    0.0000000000000000e+00
    5.0000000000000000e-01    5.0000000000000000e-01
    5.0000000000000000e-01    1.0000000000000000e+00
    5.0000000033005620e-01    3.5886546648868384e-01
    5.5316981969996659e-01    8.2175773488210790e-01
    5.5333282386333016e-01    2.7248357647265847e-01
    5.5658431560691057e-01    6.5145019891720846e-01
    5.5905850984371319e-01    4.3934557172049976e-01
    5.7520045617108617e-01    1.0116086261414906e-01
    5.8016338851839255e-01    9.9999999967746966e-01
    5.9749620199960141e-01    5.4585929257875021e-01
    5.9818628327185019e-01    1.2610667718404578e-12
    6.0558440760421106e-01    9.0720220968943577e-01
    6.0687782878523677e-01    7.3603369836131771e-01
    6.0772781697691436e-01    1.9058529301640897e-01
    6.0861013390865004e-01    3.5615356075930082e-01
    6.5044884011859894e-01    6.3866744291671762e-01
    6.5189186569250523e-01    4.5444414816823980e-01
    6.6087525140655168e-01    9.3434352292084577e-02
    6.6133410584947006e-01    8.2074256388957667e-01
    6.6480829670073083e-01    2.7412803922217882e-01
    6.6606781097776246e-01    9.9999999966778796e-01
    6.9784302909981988e-01    1.5258714430865794e-12
    6.9912523432627594e-01    5.4704343449673343e-01
    7.0819501079245650e-01    7.3102396744103393e-01
    7.0974201013524241e-01    9.0658670441979183e-01
    7.1063815891202720e-01    1.8680748475074851e-01
    7.1069109944031161e-01    3.6320747088018013e-01
    7.4719992671280921e-01    6.4041851026137120e-01
    7.4795616126434072e-01    4.5403514519758786e-01
    7.5175040675718663e-01    9.4644479048996505e-02
    7.5374048560117146e-01    9.9999999966678621e-01
    7.6864912960699638e-01    8.1894816632610568e-01
    7.7253725890157710e-01    2.7505019036496881e-01
    7.9610087991090817e-01    1.5186480545326120e-12
    7.9961140610026393e-01    5.4803557658149948e-01
    8.1093144870520184e-01    7.3388191280596982e-01
    8.1157559435093951e-01    9.0560151606202610e-01
    8.1194855132376831e-01    1.8955678151888311e-01
    8.1294949664664606e-01    3.5920806364788904e-01
    8.3828128593435214e-01    4.5373127105205929e-01
    8.3939853030273059e-01    9.9999999967408604e-01
    8.3985717498165169e-01    6.4221797616868959e-01
    8.4021681057787800e-01    9.5337099826899752e-02
    8.8118638836882013e-01    8.2200994445648734e-01
    8.8763667141732561e-01    2.6880816115833628e-01
    8.9397305587959797e-01    2.1280616158136922e-12
    9.0032463557524145e-01    5.4826644094639143e-01
    9.0812086355432564e-01    3.5760835973382499e-01
    9.1002710493513961e-01    7.3912814159740026e-01
    9.1103111160079608e-01    1.7740380344217677e-01
    9.1136635353855366e-01    9.0679038940823897e-01
    9.2122814027416611e-01    9.9999999965567266e-01
    9.2181498812397655e-01    4.5330323293441038e-01
    9.2427439863156158e-01    6.4372514011573834e-01
    9.2803959176098139e-01    7.8519360660666879e-02
    9.9999999941140083e-01    1.1050208648662888e-01
    9.9999999946801066e-01    7.0455711543496935e-01
    9.9999999949448337e-01    3.9693094849347932e-01
    9.9999999953251251e-01    5.9606477796539781e-01
    9.9999999959478614e-01    9.0237729064766681e-01
    9.9999999968694164e-01    2.1018280059348604e-01
    9.9999999978358411e-01    3.0043073159315786e-01
    9.9999999986570520e-01    8.0641811812530839e-01
    1.0000000000000000e+00    0.0000000000000000e+00
    1.0000000000000000e+00    5.0000000000000000e-01
    1.0000000000000000e+00    1.0000000000000000e+00
