             3            12            11
            21            12             3
             8             4            20
            24            21            33
            12            21            24
            30            36            26
            25            18            13
            13            20            25
             8            20            13
           108            96           102
           108           117           109
           109           104            98
            98           108           109
            96           108            98
           109           117           122
           114           108           102
           117           108           114
           134           122           127
           127           122           117
            25            20            32
            32            39            25
            44            39            32
            14            20             4
            45            56            49
            23             2            18
            18             2            10
            10            13            18
             8            13            10
            17            11            12
            17             6            11
            12            24            17
            17            24            29
           107           114           102
           103           112            99
            99            91           103
            87            91            99
           112           107            99
            92            98           104
           126           123           128
           116           104           109
           109           122           116
           116           128           123
           116           122           134
           134           128           116
           118           123           126
           126           132           118
           111           118           105
           123           118           111
           104           116           111
           111           116           123
           131           127           117
           131           114           130
           117           114           131
           129           120           132
            73            82            88
            82            93            88
            51            39            44
            30            23            35
            65            78            71
            66            82            73
            66            75            82
             9            14             4
             2            23            16
            16            23            30
            30            26            16
            26            15            16
            80            91            87
            59            49            56
            95           107           102
            87            99            95
            95            99           107
           125           124           133
           115           112           103
           115           124           112
           133           124           115
           114           107           119
           130           114           119
           119           107           112
           112           124           119
           119           125           130
           124           125           119
            79            75            68
            68            70            79
            79            70            76
            76            70            60
            60            72            76
            44            32            38
            38            50            44
            60            50            52
            62            72            52
            52            72            60
           132           120           113
           113           118           132
           105           118           113
           105            93            97
            97           111           105
            97            92           104
           104           111            97
           121           110           120
           121           129           135
           120           129           121
           101            93           105
           101            88            93
           105           113           101
            88           101            94
            73            88            81
            81            65            73
            78            65            81
            88            94            81
            43            51            54
            39            51            43
            58            46            55
            58            65            71
            55            65            58
            63            65            55
            54            66            63
            73            65            63
            63            66            73
            49            41            37
            37            24            33
            29            24            37
            37            41            29
            33            45            37
            45            49            37
             2            16             7
             7            15             5
             7            16            15
            77            80            87
            53            41            49
            49            59            53
            53            67            62
            53            59            67
           102            96            89
            89            95           102
            75            66            61
            61            68            75
            61            66            54
            54            51            61
            70            68            57
            60            70            57
            57            50            60
            44            50            57
            57            51            44
            57            61            51
            68            61            57
            98            92            86
            96            98            86
            86            92            79
            79            76            86
            27            38            32
            27            32            20
            20            14            27
            50            38            40
            40            52            50
            85            93            82
            85            97            93
            82            75            85
            92            97            85
            85            75            79
            79            92            85
           106           113           120
           106           101           113
           120           110           106
           106            94           101
           106           110           100
           100            94           106
            90            94           100
            78            81            90
            90            81            94
            48            43            54
            54            63            48
            48            63            55
            35            43            48
            31            43            35
            31            18            25
            25            39            31
            39            43            31
            31            23            18
            31            35            23
            69            80            64
            80            77            64
            64            56            69
            64            59            56
            67            59            64
            64            77            67
            84            76            72
            84            89            96
            96            86            84
            84            86            76
            89            84            74
            74            84            72
            62            67            74
            74            72            62
            95            89            83
            87            95            83
            83            77            87
            89            74            83
            67            77            83
            83            74            67
            52            40            47
            41            53            47
            62            52            47
            47            53            62
            22            17            29
             1             6            22
             6            17            22
            38            27            28
            28            40            38
            30            35            42
            35            48            42
            42            36            30
            42            46            36
            55            46            42
            42            48            55
            19            27            14
            19            28            27
            22            28            19
            14             9            19
            19             9             1
             1            22            19
            34            47            40
            40            28            34
            29            41            34
            41            47            34
            34            22            29
            34            28            22
